# Matter power spectrum P(k) at redshift z=1.297
# for k=1.05246e-05 to 30.0293 h/Mpc,
# number of wavenumbers equal to 616
#    1:k (h/Mpc)              2:P (Mpc/h)^3        
       1.052458257288e-05       1.470750304328e+01 
       1.076973159350e-05       1.503688545910e+01 
       1.102059086838e-05       1.537364455151e+01 
       1.127729340640e-05       1.571794749631e+01 
       1.153997531467e-05       1.606995759453e+01 
       1.180877587059e-05       1.642985263359e+01 
       1.208383759579e-05       1.679780978837e+01 
       1.236530633163e-05       1.717400266036e+01 
       1.265333131656e-05       1.755862784074e+01 
       1.294806526524e-05       1.795186187065e+01 
       1.324966444952e-05       1.835389856768e+01 
       1.355828878126e-05       1.876494735491e+01 
       1.387410189719e-05       1.918519390741e+01 
       1.419727124558e-05       1.961485533307e+01 
       1.452796817511e-05       2.005414354577e+01 
       1.486636802567e-05       2.050326531228e+01 
       1.521265022133e-05       2.096244510538e+01 
       1.556699836551e-05       2.143190613595e+01 
       1.592960033827e-05       2.191188450569e+01 
       1.630064839599e-05       2.240260799092e+01 
       1.668033927324e-05       2.290432402721e+01 
       1.706887428718e-05       2.341727415001e+01 
       1.746645944419e-05       2.394171268644e+01 
       1.787330554919e-05       2.447789638332e+01 
       1.828962831738e-05       2.502608674128e+01 
       1.871564848860e-05       2.558655375167e+01 
       1.915159194437e-05       2.615957236060e+01 
       1.959768982770e-05       2.674542342653e+01 
       2.005417866557e-05       2.734439446268e+01 
       2.052130049443e-05       2.795677921463e+01 
       2.099930298844e-05       2.858287741443e+01 
       2.148843959085e-05       2.922299698877e+01 
       2.198896964836e-05       2.987745162820e+01 
       2.250115854864e-05       3.054656217834e+01 
       2.302527786102e-05       3.123065733345e+01 
       2.356160548050e-05       3.193007087777e+01 
       2.411042577508e-05       3.264514756997e+01 
       2.467202973655e-05       3.337623791759e+01 
       2.524671513475e-05       3.412369992522e+01 
       2.583478667550e-05       3.488790098942e+01 
       2.643655616211e-05       3.566921618299e+01 
       2.705234266072e-05       3.646802481616e+01 
       2.768247266949e-05       3.728472371769e+01 
       2.832728029170e-05       3.811971004341e+01 
       2.898710741287e-05       3.897339486631e+01 
       2.966230388207e-05       3.984619648597e+01 
       3.035322769743e-05       4.073854250105e+01 
       3.106024519588e-05       4.165087045428e+01 
       3.178373124747e-05       4.258362808494e+01 
       3.252406945407e-05       4.353727256216e+01 
       3.328165235280e-05       4.451227160023e+01 
       3.405688162414e-05       4.550910284656e+01 
       3.485016830492e-05       4.652825517399e+01 
       3.566193300623e-05       4.757022821268e+01 
       3.649260613646e-05       4.863553294526e+01 
       3.734262812950e-05       4.972469136762e+01 
       3.821244967827e-05       5.083823755990e+01 
       3.910253197365e-05       5.197671727259e+01 
       4.001334694907e-05       5.314068874651e+01 
       4.094537753068e-05       5.433072231262e+01 
       4.189911789344e-05       5.554740096267e+01 
       4.287507372310e-05       5.679132216186e+01 
       4.387376248437e-05       5.806309381900e+01 
       4.489571369525e-05       5.936334043419e+01 
       4.594146920779e-05       6.069269900144e+01 
       4.701158349541e-05       6.205182038161e+01 
       4.810662394688e-05       6.344137106050e+01 
       4.922717116712e-05       6.486203167378e+01 
       5.037381928512e-05       6.631449831635e+01 
       5.154717626888e-05       6.779948260882e+01 
       5.274786424781e-05       6.931771140683e+01 
       5.397651984256e-05       7.086992949857e+01 
       5.523379450260e-05       7.245689637341e+01 
       5.652035485158e-05       7.407938943905e+01 
       5.783688304084e-05       7.573820342595e+01 
       5.918407711106e-05       7.743415007893e+01 
       6.056265136235e-05       7.916806019635e+01 
       6.197333673303e-05       8.094078308715e+01 
       6.341688118717e-05       8.275318581584e+01 
       6.489405011113e-05       8.460615611732e+01 
       6.640562671944e-05       8.650060096734e+01 
       6.795241247001e-05       8.843744748694e+01 
       6.953522748913e-05       9.041764290329e+01 
       7.115491100628e-05       9.244215672876e+01 
       7.281232179909e-05       9.451197856943e+01 
       7.450833864870e-05       9.662812237614e+01 
       7.624386080569e-05       9.879162196178e+01 
       7.801980846689e-05       1.010035356416e+02 
       7.983712326326e-05       1.032649452832e+02 
       8.169676875915e-05       1.055769559519e+02 
       8.359973096322e-05       1.079406978725e+02 
       8.554701885122e-05       1.103573264607e+02 
       8.753966490096e-05       1.128280222950e+02 
       8.957872563976e-05       1.153539924347e+02 
       9.166528220460e-05       1.179364710863e+02 
       9.380044091541e-05       1.205767189093e+02 
       9.598533386158e-05       1.232760249680e+02 
       9.822111950229e-05       1.260357071726e+02 
       1.005089832807e-04       1.288571123182e+02 
       1.028501382524e-04       1.317416169057e+02 
       1.052458257288e-04       1.346906276009e+02 
       1.076973159350e-04       1.377055827619e+02 
       1.102059086838e-04       1.407879520733e+02 
       1.127729340640e-04       1.439392377685e+02 
       1.153997531467e-04       1.471609749338e+02 
       1.180877587059e-04       1.504547333880e+02 
       1.208383759579e-04       1.538221160451e+02 
       1.236530633163e-04       1.572647624936e+02 
       1.265333131656e-04       1.607843472819e+02 
       1.294806526524e-04       1.643825823550e+02 
       1.324966444952e-04       1.680612167467e+02 
       1.355828878126e-04       1.718220383859e+02 
       1.387410189719e-04       1.756668738347e+02 
       1.419727124558e-04       1.795975897860e+02 
       1.452796817511e-04       1.836160936653e+02 
       1.486636802567e-04       1.877243346566e+02 
       1.521265022133e-04       1.919243040802e+02 
       1.556699836551e-04       1.962180370057e+02 
       1.592960033827e-04       2.006076126559e+02 
       1.630064839599e-04       2.050951549998e+02 
       1.668033927324e-04       2.096828343136e+02 
       1.706887428718e-04       2.143728677504e+02 
       1.746645944419e-04       2.191675205747e+02 
       1.787330554919e-04       2.240691065993e+02 
       1.828962831738e-04       2.290799895114e+02 
       1.871564848860e-04       2.342025839666e+02 
       1.915159194437e-04       2.394393563888e+02 
       1.959768982770e-04       2.447928258082e+02 
       2.005417866557e-04       2.502655650900e+02 
       2.052130049443e-04       2.558602020674e+02 
       2.099930298844e-04       2.615794204171e+02 
       2.148843959085e-04       2.674259606250e+02 
       2.198896964836e-04       2.734026211937e+02 
       2.250115854864e-04       2.795122598892e+02 
       2.302527786102e-04       2.857577944462e+02 
       2.356160548050e-04       2.921422036661e+02 
       2.411042577508e-04       2.986685291797e+02 
       2.467202973655e-04       3.053398753589e+02 
       2.524671513475e-04       3.121594119139e+02 
       2.583478667550e-04       3.191303734612e+02 
       2.643655616211e-04       3.262560619049e+02 
       2.705234266072e-04       3.335398469431e+02 
       2.768247266949e-04       3.409851672416e+02 
       2.832728029170e-04       3.485955317958e+02 
       2.898710741286e-04       3.563745205885e+02 
       2.966230388207e-04       3.643257862542e+02 
       3.035322769743e-04       3.724530552700e+02 
       3.106024519588e-04       3.807601283496e+02 
       3.178373124747e-04       3.892508819549e+02 
       3.252406945407e-04       3.979292698033e+02 
       3.328165235280e-04       4.067993234907e+02 
       3.405688162414e-04       4.158651535578e+02 
       3.485016830492e-04       4.251309508606e+02 
       3.566193300623e-04       4.346009874976e+02 
       3.649260613646e-04       4.442796179736e+02 
       3.734262812950e-04       4.541712794971e+02 
       3.821244967827e-04       4.642804942696e+02 
       3.910253197365e-04       4.746118696192e+02 
       4.001334694907e-04       4.851700987304e+02 
       4.094537753068e-04       4.959599624310e+02 
       4.189911789344e-04       5.069863294102e+02 
       4.287507372310e-04       5.182541572677e+02 
       4.387376248437e-04       5.297684932672e+02 
       4.489571369525e-04       5.415344759510e+02 
       4.594146920779e-04       5.535573341983e+02 
       4.701158349541e-04       5.658423892226e+02 
       4.810662394688e-04       5.783950553304e+02 
       4.922717116712e-04       5.912208396705e+02 
       5.037381928512e-04       6.043253435185e+02 
       5.154717626888e-04       6.177142626738e+02 
       5.274786424781e-04       6.313933873353e+02 
       5.397651984256e-04       6.453686036509e+02 
       5.523379450260e-04       6.596458927717e+02 
       5.652035485158e-04       6.742313319629e+02 
       5.783688304084e-04       6.891310949852e+02 
       5.918407711106e-04       7.043514515057e+02 
       6.056265136235e-04       7.198987674768e+02 
       6.197333673303e-04       7.357795055213e+02 
       6.341688118717e-04       7.520002242324e+02 
       6.489405011113e-04       7.685675787814e+02 
       6.640562671944e-04       7.854883208160e+02 
       6.795241247001e-04       8.027692962007e+02 
       6.953522748913e-04       8.204174477546e+02 
       7.115491100628e-04       8.384398114772e+02 
       7.281232179909e-04       8.568435193046e+02 
       7.450833864870e-04       8.756357956604e+02 
       7.624386080569e-04       8.948239578713e+02 
       7.801980846689e-04       9.144154153904e+02 
       7.983712326326e-04       9.344176691052e+02 
       8.169676875915e-04       9.548383077237e+02 
       8.359973096322e-04       9.756850104456e+02 
       8.554701885122e-04       9.969655427945e+02 
       8.753966490096e-04       1.018687754247e+03 
       8.957872563976e-04       1.040859579827e+03 
       9.166528220460e-04       1.063489032014e+03 
       9.380044091541e-04       1.086584208164e+03 
       9.598533386158e-04       1.110153276622e+03 
       9.822111950229e-04       1.134204483741e+03 
       1.005089832807e-03       1.158746140222e+03 
       1.028501382524e-03       1.183786630740e+03 
       1.052458257287e-03       1.209334397981e+03 
       1.076973159350e-03       1.235397942230e+03 
       1.102059086838e-03       1.261985823298e+03 
       1.127729340640e-03       1.289106644736e+03 
       1.153997531467e-03       1.316769052584e+03 
       1.180877587059e-03       1.344981729726e+03 
       1.208383759579e-03       1.373753391793e+03 
       1.236530633163e-03       1.403092769312e+03 
       1.265333131656e-03       1.433008612707e+03 
       1.294806526524e-03       1.463509674216e+03 
       1.324966444952e-03       1.494604707844e+03 
       1.355828878126e-03       1.526302447337e+03 
       1.387410189719e-03       1.558608505635e+03 
       1.419727124558e-03       1.591533225809e+03 
       1.452796817511e-03       1.625086479849e+03 
       1.486636802567e-03       1.659276811072e+03 
       1.521265022133e-03       1.694112699643e+03 
       1.556699836551e-03       1.729602534597e+03 
       1.592960033827e-03       1.765754607048e+03 
       1.630064839599e-03       1.802577082313e+03 
       1.668033927324e-03       1.840078024351e+03 
       1.706887428718e-03       1.878265329937e+03 
       1.746645944419e-03       1.917146742104e+03 
       1.787330554919e-03       1.956729830709e+03 
       1.828962831738e-03       1.997022012732e+03 
       1.871564848860e-03       2.038030458016e+03 
       1.915159194437e-03       2.079762132163e+03 
       1.959768982770e-03       2.122223792465e+03 
       2.005417866557e-03       2.165421899672e+03 
       2.052130049443e-03       2.209362666037e+03 
       2.099930298844e-03       2.254052000670e+03 
       2.148843959085e-03       2.299495552896e+03 
       2.198896964836e-03       2.345698560640e+03 
       2.250115854864e-03       2.392665932950e+03 
       2.302527786102e-03       2.440402250027e+03 
       2.356160548050e-03       2.488911633084e+03 
       2.411042577508e-03       2.538197707126e+03 
       2.467202973655e-03       2.588263748412e+03 
       2.524671513475e-03       2.639112504029e+03 
       2.583478667550e-03       2.690746200532e+03 
       2.643655616211e-03       2.743166410310e+03 
       2.705234266072e-03       2.796374308731e+03 
       2.768247266949e-03       2.850370365509e+03 
       2.832728029170e-03       2.905154372503e+03 
       2.898710741286e-03       2.960725577844e+03 
       2.966230388207e-03       3.017082461836e+03 
       3.035322769743e-03       3.074222566590e+03 
       3.106024519588e-03       3.132143135088e+03 
       3.178373124747e-03       3.190840158381e+03 
       3.252406945407e-03       3.250309035711e+03 
       3.328165235280e-03       3.310544002698e+03 
       3.405688162414e-03       3.371538850872e+03 
       3.485016830492e-03       3.433285751592e+03 
       3.566193300623e-03       3.495776685613e+03 
       3.649260613646e-03       3.559001812960e+03 
       3.734262812950e-03       3.622950499330e+03 
       3.821244967827e-03       3.687611014789e+03 
       3.910253197365e-03       3.752970541047e+03 
       4.001334694907e-03       3.819014543233e+03 
       4.094537753068e-03       3.885728588998e+03 
       4.189911789344e-03       3.953095269175e+03 
       4.287507372310e-03       4.021096705979e+03 
       4.387376248437e-03       4.089713649421e+03 
       4.489571369525e-03       4.158926197773e+03 
       4.594146920779e-03       4.228710740441e+03 
       4.701158349541e-03       4.299044681849e+03 
       4.810662394688e-03       4.369901732153e+03 
       4.922717116712e-03       4.441254954982e+03 
       5.037381928512e-03       4.513078095906e+03 
       5.154717626888e-03       4.585338013947e+03 
       5.274786424781e-03       4.658002263236e+03 
       5.397651984256e-03       4.731040353065e+03 
       5.523379450260e-03       4.804413328847e+03 
       5.652035485158e-03       4.878084757232e+03 
       5.783688304084e-03       4.952014116867e+03 
       5.918407711106e-03       5.026160806134e+03 
       6.056265136235e-03       5.100480111200e+03 
       6.197333673303e-03       5.174926643861e+03 
       6.341688118717e-03       5.249453111259e+03 
       6.489405011113e-03       5.324008240193e+03 
       6.640562671944e-03       5.398539625256e+03 
       6.795241247001e-03       5.472993755980e+03 
       6.953522748913e-03       5.547312865541e+03 
       7.115491100628e-03       5.621438879185e+03 
       7.281232179909e-03       5.695307289062e+03 
       7.450833864870e-03       5.768854443530e+03 
       7.624386080569e-03       5.842014230462e+03 
       7.801980846689e-03       5.914715241415e+03 
       7.983712326326e-03       5.986889524310e+03 
       8.169676875915e-03       6.058457941002e+03 
       8.359973096322e-03       6.129343238114e+03 
       8.554701885122e-03       6.199469496855e+03 
       8.753966490096e-03       6.268751142688e+03 
       8.957872563976e-03       6.337103699273e+03 
       9.166528220460e-03       6.404437882006e+03 
       9.380044091541e-03       6.470665166409e+03 
       9.598533386158e-03       6.535690392081e+03 
       9.822111950229e-03       6.599418775432e+03 
       1.005089832807e-02       6.661750327725e+03 
       1.028501382524e-02       6.722583324090e+03 
       1.052458257287e-02       6.781812962599e+03 
       1.076973159350e-02       6.839337789811e+03 
       1.102059086838e-02       6.895044584446e+03 
       1.127729340640e-02       6.948823723989e+03 
       1.153997531467e-02       7.000560558045e+03 
       1.180877587059e-02       7.050141280690e+03 
       1.208383759579e-02       7.097444140679e+03 
       1.236530633163e-02       7.142354286737e+03 
       1.265333131656e-02       7.184751647731e+03 
       1.294806526524e-02       7.224508946158e+03 
       1.324966444952e-02       7.261516055714e+03 
       1.355828878126e-02       7.295635541307e+03 
       1.387410189719e-02       7.326745494561e+03 
       1.419727124558e-02       7.354726818351e+03 
       1.452796817511e-02       7.379451981416e+03 
       1.486636802568e-02       7.400794833477e+03 
       1.521265022135e-02       7.418639090042e+03 
       1.556699836555e-02       7.432862377929e+03 
       1.592960033838e-02       7.443347406093e+03 
       1.630064839623e-02       7.449979629319e+03 
       1.668033927380e-02       7.452647875504e+03 
       1.706887428841e-02       7.451242648042e+03 
       1.746645944684e-02       7.445666928921e+03 
       1.787330555481e-02       7.435823403741e+03 
       1.828962832904e-02       7.421628253854e+03 
       1.871564851231e-02       7.402999295581e+03 
       1.915159199173e-02       7.379856969540e+03 
       1.959768992053e-02       7.352145910714e+03 
       2.005417884427e-02       7.319825051343e+03 
       2.052130083237e-02       7.282840081966e+03 
       2.099930361648e-02       7.241177703989e+03 
       2.148844073832e-02       7.194820068780e+03 
       2.198897171012e-02       7.143783640397e+03 
       2.250116219315e-02       7.088084584316e+03 
       2.302528420108e-02       7.027756320459e+03 
       2.356161633856e-02       6.962854827916e+03 
       2.411044408828e-02       6.893471758682e+03 
       2.467206016472e-02       6.819686565012e+03 
       2.524676495805e-02       6.741638901812e+03 
       2.583486709799e-02       6.659474373452e+03 
       2.643668417478e-02       6.573337760907e+03 
       2.705254366213e-02       6.483430574145e+03 
       2.768278409531e-02       6.389949508682e+03 
       2.832775656538e-02       6.293154757187e+03 
       2.898782659771e-02       6.193263771413e+03 
       2.966337648841e-02       6.090594380683e+03 
       3.035480817543e-02       5.985418259498e+03 
       3.106254672061e-02       5.878068616901e+03 
       3.178704447477e-02       5.768873984295e+03 
       3.252878598839e-02       5.658163758965e+03 
       3.328829371602e-02       5.546319756459e+03 
       3.406613454216e-02       5.433717958715e+03 
       3.486292713104e-02       5.320702554011e+03 
       3.567935007230e-02       5.207703583208e+03 
       3.651615076024e-02       5.095042730578e+03 
       3.737415490753e-02       4.983160055678e+03 
       3.825427655565e-02       4.872395169490e+03 
       3.915752840636e-02       4.763102256206e+03 
       4.008503226194e-02       4.655648366120e+03 
       4.103802932830e-02       4.550363900754e+03 
       4.201789010584e-02       4.447568127993e+03 
       4.302612356890e-02       4.347528130411e+03 
       4.406438531690e-02       4.250530409811e+03 
       4.513448437003e-02       4.156795353156e+03 
       4.623838828097e-02       4.066517061261e+03 
       4.737822624295e-02       3.979834590328e+03 
       4.855628989648e-02       3.896843177947e+03 
       4.977503157368e-02       3.817565793179e+03 
       5.103705977410e-02       3.741954663924e+03 
       5.234513174008e-02       3.669871326366e+03 
       5.370214309559e-02       3.601080344611e+03 
       5.511111462765e-02       3.535197200600e+03 
       5.657517642187e-02       3.471739058198e+03 
       5.809754970595e-02       3.410053111627e+03 
       5.968152689838e-02       3.349320888457e+03 
       6.133045049089e-02       3.288593145812e+03 
       6.304769150090e-02       3.226733558913e+03 
       6.483662829938e-02       3.162510750003e+03 
       6.670062664234e-02       3.094605718194e+03 
       6.864302170289e-02       3.021710796032e+03 
       7.066710281722e-02       2.942594930805e+03 
       7.277610152803e-02       2.856255587327e+03 
       7.497318334381e-02       2.762023564429e+03 
       7.726144344900e-02       2.659714298404e+03 
       7.964390641397e-02       2.549743384265e+03 
       8.212352978116e-02       2.433200042053e+03 
       8.470321125687e-02       2.311876331767e+03 
       8.738579912527e-02       2.188201289103e+03 
       9.017410542532e-02       2.065087274329e+03 
       9.307092139121e-02       1.945704787703e+03 
       9.607903464921e-02       1.833177127946e+03 
       9.920124768064e-02       1.730260149923e+03 
       1.024403970972e-01       1.639015436872e+03 
       1.057993733220e-01       1.560524314314e+03 
       1.092811403239e-01       1.494744462332e+03 
       1.128887551061e-01       1.440349811176e+03 
       1.166253867042e-01       1.394790496537e+03 
       1.204943344942e-01       1.354473284876e+03 
       1.244990456547e-01       1.315154614764e+03 
       1.286431316594e-01       1.272578997999e+03 
       1.329303837048e-01       1.223294286867e+03 
       1.373647869961e-01       1.165477179015e+03 
       1.419505338255e-01       1.099501143942e+03 
       1.466920353826e-01       1.027979455108e+03 
       1.515939322315e-01       9.552191756386e+02 
       1.566611033826e-01       8.861667189879e+02 
       1.618986738646e-01       8.251744656590e+02 
       1.673120206866e-01       7.749050191539e+02 
       1.729067770446e-01       7.356575689344e+02 
       1.786888345965e-01       7.052732428771e+02 
       1.846643435891e-01       6.797092340319e+02 
       1.908397105792e-01       6.543841350833e+02 
       1.972215934415e-01       6.247838720869e+02 
       2.038168933139e-01       5.892270100209e+02 
       2.106327430757e-01       5.492283759574e+02 
       2.176764919144e-01       5.086262999378e+02 
       2.249556854898e-01       4.716411262788e+02 
       2.324780411694e-01       4.410537878916e+02 
       2.402514177840e-01       4.171842313152e+02 
       2.482837793421e-01       3.978238862870e+02 
       2.565831521468e-01       3.793475368472e+02 
       2.651575747980e-01       3.587785313239e+02 
       2.740150406250e-01       3.354933544511e+02 
       2.831634322017e-01       3.114054523397e+02 
       2.926104477507e-01       2.894530064448e+02 
       3.023635194513e-01       2.713212077574e+02 
       3.124297239398e-01       2.563555232605e+02 
       3.228156856365e-01       2.424682945261e+02 
       3.335274739534e-01       2.278906705649e+02 
       3.445704959375e-01       2.125828517221e+02 
       3.559493864790e-01       1.979272240999e+02 
       3.676678988527e-01       1.851265172224e+02 
       3.797287990489e-01       1.740788735341e+02 
       3.921337680470e-01       1.636925629740e+02 
       4.048833168526e-01       1.532887019076e+02 
       4.179767196966e-01       1.431306462001e+02 
       4.314119711967e-01       1.338321371329e+02 
       4.451857734323e-01       1.255160121643e+02 
       4.592935586767e-01       1.178272180679e+02 
       4.737295528836e-01       1.104131862620e+02 
       4.884868838595e-01       1.033426937705e+02 
       5.035577363429e-01       9.685882048779e+01 
       5.189335539668e-01       9.094160243760e+01 
       5.346052854096e-01       8.538011215499e+01 
       5.505636691015e-01       8.011592788536e+01 
       5.667995479059e-01       7.523020340982e+01 
       5.833042025385e-01       7.072307199702e+01 
       6.000696904316e-01       6.652062277383e+01 
       6.170891755859e-01       6.257963392920e+01 
       6.343572348682e-01       5.890698672847e+01 
       6.518701272790e-01       5.549724144640e+01 
       6.696260148479e-01       5.231491001898e+01 
       6.876251267986e-01       4.933665790369e+01 
       7.058698621309e-01       4.655512439707e+01 
       7.243648294245e-01       4.395840361498e+01 
       7.431168261200e-01       4.152673280652e+01 
       7.621347624738e-01       3.924676010191e+01 
       7.814295376394e-01       3.710916322012e+01 
       8.010138767998e-01       3.510274020759e+01 
       8.209021389986e-01       3.321644391754e+01 
       8.411101053803e-01       3.144141075002e+01 
       8.616547570942e-01       2.976990052006e+01 
       8.825540512912e-01       2.819367794728e+01 
       9.038267025909e-01       2.670646989116e+01 
       9.254919762309e-01       2.530215952542e+01 
       9.475694979117e-01       2.397491728136e+01 
       9.700790841793e-01       2.271953258801e+01 
       9.930405960660e-01       2.153133289864e+01 
       1.016473817664e+00       2.040628085030e+01 
       1.040398360338e+00       1.934026350539e+01 
       1.064833592392e+00       1.832985812095e+01 
       1.089798593225e+00       1.737181018976e+01 
       1.115312130322e+00       1.646326375281e+01 
       1.141392656854e+00       1.560146249128e+01 
       1.168058327233e+00       1.478392784496e+01 
       1.195327027679e+00       1.400829082474e+01 
       1.223216418686e+00       1.327239697617e+01 
       1.251743986323e+00       1.257412731292e+01 
       1.280927099371e+00       1.191152063709e+01 
       1.310783069609e+00       1.128277433410e+01 
       1.341329212863e+00       1.068621540853e+01 
       1.372582908848e+00       1.012021661129e+01 
       1.404561658270e+00       9.583349905315e+00 
       1.437283136065e+00       9.074109081546e+00 
       1.470765240102e+00       8.591102645959e+00 
       1.505026135007e+00       8.133078599405e+00 
       1.540084291080e+00       7.698697948697e+00 
       1.575958518537e+00       7.286816060582e+00 
       1.612667997452e+00       6.896348923461e+00 
       1.650232303900e+00       6.526187223916e+00 
       1.688671432856e+00       6.175348375869e+00 
       1.728005818422e+00       5.842836080966e+00 
       1.768256351890e+00       5.527722698774e+00 
       1.809444398168e+00       5.229119387821e+00 
       1.851591810965e+00       4.946247019462e+00 
       1.894720947117e+00       4.678258489068e+00 
       1.938854680346e+00       4.424404043413e+00 
       1.984016414672e+00       4.183975775989e+00 
       2.030230097697e+00       3.956267516779e+00 
       2.077520233857e+00       3.740638013238e+00 
       2.125911897781e+00       3.536473280248e+00 
       2.175430747808e+00       3.343159877182e+00 
       2.226103039732e+00       3.160184903167e+00 
       2.277955640808e+00       2.986953333213e+00 
       2.331016044041e+00       2.823003702459e+00 
       2.385312382798e+00       2.667838441405e+00 
       2.440873445735e+00       2.521019543391e+00 
       2.497728692073e+00       2.382086582514e+00 
       2.555908267220e+00       2.250640172998e+00 
       2.615443018760e+00       2.126277310886e+00 
       2.676364512808e+00       2.008638007619e+00 
       2.738705050745e+00       1.897379443723e+00 
       2.802497686352e+00       1.792143961179e+00 
       2.867776243327e+00       1.692616147000e+00 
       2.934575333226e+00       1.598507838974e+00 
       3.002930373810e+00       1.509523316897e+00 
       3.072877607827e+00       1.425392956122e+00 
       3.144454122225e+00       1.345841790136e+00 
       3.217697867822e+00       1.270657151291e+00 
       3.292647679419e+00       1.199586670163e+00 
       3.369343296398e+00       1.132407970088e+00 
       3.447825383793e+00       1.068928845750e+00 
       3.528135553843e+00       1.008934683420e+00 
       3.610316388064e+00       9.522470325167e-01 
       3.694411459822e+00       8.986831807726e-01 
       3.780465357438e+00       8.480769095413e-01 
       3.868523707826e+00       8.002696795244e-01 
       3.958633200690e+00       7.551135252609e-01 
       4.050841613276e+00       7.124552793601e-01 
       4.145197835705e+00       6.721633421234e-01 
       4.241751896894e+00       6.341141770467e-01 
       4.340554991086e+00       5.981720898651e-01 
       4.441659504987e+00       5.642414157238e-01 
       4.545119045551e+00       5.322021931420e-01 
       4.650988468394e+00       5.019593619879e-01 
       4.759323906886e+00       4.734007109981e-01 
       4.870182801911e+00       4.464382077536e-01 
       4.983623932321e+00       4.209920868963e-01 
       5.099707446107e+00       3.969710164756e-01 
       5.218494892283e+00       3.742984712645e-01 
       5.340049253526e+00       3.529011362298e-01 
       5.464434979568e+00       3.327084491896e-01 
       5.591718021365e+00       3.136535321922e-01 
       5.721965866073e+00       2.956733489296e-01 
       5.855247572822e+00       2.787086623182e-01 
       5.991633809338e+00       2.627036411265e-01 
       6.131196889408e+00       2.476044905430e-01 
       6.274010811225e+00       2.333593949298e-01 
       6.420151296620e+00       2.199229744168e-01 
       6.569695831214e+00       2.072493050758e-01 
       6.722723705497e+00       1.952967577680e-01 
       6.879316056875e+00       1.840231472852e-01 
       7.039555912684e+00       1.733914877406e-01 
       7.203528234218e+00       1.633656303190e-01 
       7.371319961772e+00       1.539124803392e-01 
       7.543020060741e+00       1.449974746616e-01 
       7.718719568789e+00       1.365926095149e-01 
       7.898511644122e+00       1.286704307209e-01 
       8.082491614878e+00       1.212007158461e-01 
       8.270757029673e+00       1.141590199516e-01 
       8.463407709321e+00       1.075220139000e-01 
       8.660545799763e+00       1.012653699111e-01 
       8.862275826224e+00       9.536745690274e-02 
       9.068704748634e+00       8.981045606409e-02 
       9.279942018341e+00       8.457210223200e-02 
       9.496099636140e+00       7.963624233381e-02 
       9.717292211662e+00       7.498512624896e-02 
       9.943637024138e+00       7.060234003611e-02 
       1.017525408458e+01       6.647269787732e-02 
       1.041226619943e+01       6.258177863211e-02 
       1.065479903564e+01       5.891601800974e-02 
       1.090298118733e+01       5.546262414149e-02 
       1.115694424396e+01       5.220947816276e-02 
       1.141682286011e+01       4.914465096262e-02 
       1.168275482687e+01       4.625835412942e-02 
       1.195488114487e+01       4.353908092075e-02 
       1.223334609909e+01       4.097850178927e-02 
       1.251829733534e+01       3.856676149338e-02 
       1.280988593854e+01       3.629511363061e-02 
       1.310826651283e+01       3.415630277614e-02 
       1.341359726353e+01       3.214178426829e-02 
       1.372604008104e+01       3.024512484439e-02 
       1.404576062670e+01       2.845920375381e-02 
       1.437292842055e+01       2.677747628825e-02 
       1.470771693130e+01       2.519433600518e-02 
       1.505030366825e+01       2.370385871098e-02 
       1.540087027542e+01       2.230061572063e-02 
       1.575960262786e+01       2.097948277254e-02 
       1.612669093022e+01       1.973599735618e-02 
       1.650232981757e+01       1.856551096610e-02 
       1.688671845863e+01       1.746365310542e-02 
       1.728006066133e+01       1.642666070260e-02 
       1.768256498092e+01       1.545070370419e-02 
       1.809444483053e+01       1.453212189390e-02 
       1.851591859429e+01       1.366761142289e-02 
       1.894720974318e+01       1.285413217030e-02 
       1.938854695347e+01       1.208860098729e-02 
       1.984016422799e+01       1.136815860893e-02 
       2.030230102020e+01       1.069036448152e-02 
       2.077520236115e+01       1.005260880249e-02 
       2.125911898938e+01       9.452475672184e-03 
       2.175430748389e+01       8.887961581436e-03 
       2.226103040019e+01       8.356731484851e-03 
       2.277955640946e+01       7.857065845321e-03 
       2.331016044107e+01       7.387005826402e-03 
       2.385312382828e+01       6.944772011862e-03 
       2.440873445749e+01       6.528833261069e-03 
       2.497728692079e+01       6.137586238879e-03 
       2.555908267223e+01       5.769562984162e-03 
       2.615443018762e+01       5.423451463569e-03 
       2.676364512808e+01       5.097924995696e-03 
       2.738705050746e+01       4.791744993415e-03 
       2.802497686352e+01       4.503823349066e-03 
       2.867776243327e+01       4.233038382479e-03 
       2.934575333226e+01       3.978383640220e-03 
       3.002930373810e+01       3.738942261323e-03 
